4 7.7e-07 2.89e-07 5.77e-07 1.059e-06
8 1.155e-06 7.7e-07 1.058e-06 2.117e-06
16 3.849e-06 1.539e-06 2.502e-06 2.694e-06
32 1.2414e-05 4.138e-06 8.372e-06 7.313e-06
64 4.4458e-05 1.3088e-05 2.7906e-05 1.5012e-05
128 0.0001787 4.4073e-05 8.1988e-05 2.7233e-05
256 0.000541005 0.000146847 0.000394831 6.2838e-05
512 0.00226699 0.000610002 0.00110039 0.000115861
1024 0.00771698 0.00172386 0.00314153 0.000205836
2048 0.0224601 0.00543786 0.0106458 0.000373757
4096 0.0884087 0.0210167 0.0397901 0.000758678
8192 0.371372 0.0854962 0.161042 0.00162311
